 1) root 0 0 -1 ( 0.5 0.5 )  
   2) wt < 3.0125 0 0 1 ( 0.5 0.5 ) *
   3) wt > 3.0125 0 0 -1 ( 0.5 0.5 )  
     6) wt < 3.675 0 0 -1 ( 0.5 0.5 )  
      12) mpg < 15.1 0 0 1 ( 0.5 0.5 ) *
      13) mpg > 15.1 0 0 0 ( 0.5 0.5 ) *
     7) wt > 3.675 0 0 0 ( 0.5 0.5 ) *
 1) root 0 0 -1 ( 0.5 0.5 )  
   2) mpg < 20.1 0 0 -1 ( 0.5 0.5 )  
     4) mpg < 15.5 0 0 0 ( 0.5 0.5 ) *
     5) mpg > 15.5 0 0 -1 ( 0.5 0.5 )  
      10) wt < 3.305 0 0 1 ( 0.5 0.5 ) *
      11) wt > 3.305 0 0 0 ( 0.5 0.5 ) *
   3) mpg > 20.1 0 0 -1 ( 0.5 0.5 )  
     6) hp < 103.5 0 0 -1 ( 0.5 0.5 )  
      12) wt < 2.3325 0 0 1 ( 0.5 0.5 ) *
      13) wt > 2.3325 0 0 0 ( 0.5 0.5 ) *
     7) hp > 103.5 0 0 1 ( 0.5 0.5 ) *
 1) root 0 0 -1 ( 0.5 0.5 )  
   2) wt < 3.0125 0 0 -1 ( 0.5 0.5 )  
     4) mpg < 21.45 0 0 1 ( 0.5 0.5 ) *
     5) mpg > 21.45 0 0 -1 ( 0.5 0.5 )  
      10) mpg < 22.15 0 0 0 ( 0.5 0.5 ) *
      11) mpg > 22.15 0 0 1 ( 0.5 0.5 ) *
   3) wt > 3.0125 0 0 0 ( 0.5 0.5 ) *
 1) root 0 0 -1 ( 0.5 0.5 )  
   2) wt < 3.0125 0 0 1 ( 0.5 0.5 ) *
   3) wt > 3.0125 0 0 -1 ( 0.5 0.5 )  
     6) wt < 3.675 0 0 -1 ( 0.5 0.5 )  
      12) hp < 207 0 0 0 ( 0.5 0.5 ) *
      13) hp > 207 0 0 1 ( 0.5 0.5 ) *
     7) wt > 3.675 0 0 0 ( 0.5 0.5 ) *
1) root 0 0 -1 ( 0.5 0.5 )  
  2) wt < 2.965 0 0 1 ( 0.5 0.5 ) *
  3) wt > 2.965 0 0 -1 ( 0.5 0.5 )  
    6) hp < 254.5 0 0 0 ( 0.5 0.5 ) *
    7) hp > 254.5 0 0 1 ( 0.5 0.5 ) *
1) root 0 0 -1 ( 0.5 0.5 )  
  2) wt < 3.0125 0 0 1 ( 0.5 0.5 ) *
  3) wt > 3.0125 0 0 0 ( 0.5 0.5 ) *
1) root 0 0 -1 ( 0.5 0.5 )  
  2) wt < 3.0125 0 0 -1 ( 0.5 0.5 )  
    4) hp < 103 0 0 -1 ( 0.5 0.5 )  
      8) hp < 95 0 0 1 ( 0.5 0.5 ) *
      9) hp > 95 0 0 0 ( 0.5 0.5 ) *
    5) hp > 103 0 0 1 ( 0.5 0.5 ) *
  3) wt > 3.0125 0 0 0 ( 0.5 0.5 ) *
 1) root 0 0 -1 ( 0.5 0.5 )  
   2) mpg < 20.1 0 0 0 ( 0.5 0.5 ) *
   3) mpg > 20.1 0 0 -1 ( 0.5 0.5 )  
     6) hp < 63.5 0 0 0 ( 0.5 0.5 ) *
     7) hp > 63.5 0 0 -1 ( 0.5 0.5 )  
      14) wt < 3.045 0 0 -1 ( 0.5 0.5 )  
        28) hp < 103 0 0 -1 ( 0.5 0.5 )  
          56) hp < 95 0 0 1 ( 0.5 0.5 ) *
          57) hp > 95 0 0 0 ( 0.5 0.5 ) *
        29) hp > 103 0 0 1 ( 0.5 0.5 ) *
      15) wt > 3.045 0 0 0 ( 0.5 0.5 ) *
 1) root 0 0 -1 ( 0.5 0.5 )  
   2) hp < 254.5 0 0 -1 ( 0.5 0.5 )  
     4) hp < 116.5 0 0 -1 ( 0.5 0.5 )  
       8) mpg < 19.55 0 0 0 ( 0.5 0.5 ) *
       9) mpg > 19.55 0 0 -1 ( 0.5 0.5 )  
        18) mpg < 21.2 0 0 1 ( 0.5 0.5 ) *
        19) mpg > 21.2 0 0 -1 ( 0.5 0.5 )  
          38) cyl < 5 0 0 1 ( 0.5 0.5 ) *
          39) cyl > 5 0 0 0 ( 0.5 0.5 ) *
     5) hp > 116.5 0 0 -1 ( 0.5 0.5 )  
      10) mpg < 19.2 0 0 0 ( 0.5 0.5 ) *
      11) mpg > 19.2 0 0 1 ( 0.5 0.5 ) *
   3) hp > 254.5 0 0 1 ( 0.5 0.5 ) *
 1) root 0 0 -1 ( 0.5 0.5 )  
   2) hp < 254.5 0 0 -1 ( 0.5 0.5 )  
     4) mpg < 20.1 0 0 0 ( 0.5 0.5 ) *
     5) mpg > 20.1 0 0 -1 ( 0.5 0.5 )  
      10) mpg < 28.4 0 0 -1 ( 0.5 0.5 )  
        20) wt < 3.0125 0 0 1 ( 0.5 0.5 ) *
        21) wt > 3.0125 0 0 0 ( 0.5 0.5 ) *
      11) mpg > 28.4 0 0 1 ( 0.5 0.5 ) *
   3) hp > 254.5 0 0 1 ( 0.5 0.5 ) *
1) root 0 0 -1 ( 0.5 0.5 )  
  2) mpg < 19.45 0 0 -1 ( 0.5 0.5 )  
    4) wt < 3.305 0 0 1 ( 0.5 0.5 ) *
    5) wt > 3.305 0 0 0 ( 0.5 0.5 ) *
  3) mpg > 19.45 0 0 -1 ( 0.5 0.5 )  
    6) wt < 3.0325 0 0 1 ( 0.5 0.5 ) *
    7) wt > 3.0325 0 0 0 ( 0.5 0.5 ) *
 1) root 0 0 -1 ( 0.5 0.5 )  
   2) cyl < 7 0 0 -1 ( 0.5 0.5 )  
     4) mpg < 25.2 0 0 -1 ( 0.5 0.5 )  
       8) hp < 107.5 0 0 -1 ( 0.5 0.5 )  
        16) mpg < 22.15 0 0 0 ( 0.5 0.5 ) *
        17) mpg > 22.15 0 0 -1 ( 0.5 0.5 )  
          34) wt < 2.735 0 0 1 ( 0.5 0.5 ) *
          35) wt > 2.735 0 0 0 ( 0.5 0.5 ) *
       9) hp > 107.5 0 0 1 ( 0.5 0.5 ) *
     5) mpg > 25.2 0 0 1 ( 0.5 0.5 ) *
   3) cyl > 7 0 0 -1 ( 0.5 0.5 )  
     6) hp < 290 0 0 0 ( 0.5 0.5 ) *
     7) hp > 290 0 0 1 ( 0.5 0.5 ) *
 1) root 0 0 -1 ( 0.5 0.5 )  
   2) wt < 2.96 0 0 -1 ( 0.5 0.5 )  
     4) wt < 2.3325 0 0 1 ( 0.5 0.5 ) *
     5) wt > 2.3325 0 0 -1 ( 0.5 0.5 )  
      10) hp < 103.5 0 0 0 ( 0.5 0.5 ) *
      11) hp > 103.5 0 0 1 ( 0.5 0.5 ) *
   3) wt > 2.96 0 0 -1 ( 0.5 0.5 )  
     6) wt < 3.1925 0 0 -1 ( 0.5 0.5 )  
      12) wt < 3.16 0 0 0 ( 0.5 0.5 ) *
      13) wt > 3.16 0 0 1 ( 0.5 0.5 ) *
     7) wt > 3.1925 0 0 -1 ( 0.5 0.5 )  
      14) mpg < 15.1 0 0 -1 ( 0.5 0.5 )  
        28) mpg < 14.85 0 0 0 ( 0.5 0.5 ) *
        29) mpg > 14.85 0 0 1 ( 0.5 0.5 ) *
      15) mpg > 15.1 0 0 0 ( 0.5 0.5 ) *
 1) root 0 0 -1 ( 0.5 0.5 )  
   2) wt < 3.1925 0 0 -1 ( 0.5 0.5 )  
     4) hp < 103 0 0 -1 ( 0.5 0.5 )  
       8) wt < 2.3925 0 0 1 ( 0.5 0.5 ) *
       9) wt > 2.3925 0 0 0 ( 0.5 0.5 ) *
     5) hp > 103 0 0 1 ( 0.5 0.5 ) *
   3) wt > 3.1925 0 0 -1 ( 0.5 0.5 )  
     6) wt < 3.65 0 0 -1 ( 0.5 0.5 )  
      12) wt < 3.545 0 0 0 ( 0.5 0.5 ) *
      13) wt > 3.545 0 0 1 ( 0.5 0.5 ) *
     7) wt > 3.65 0 0 0 ( 0.5 0.5 ) *
1) root 0 0 -1 ( 0.5 0.5 )  
  2) wt < 3.0125 0 0 1 ( 0.5 0.5 ) *
  3) wt > 3.0125 0 0 -1 ( 0.5 0.5 )  
    6) hp < 254.5 0 0 0 ( 0.5 0.5 ) *
    7) hp > 254.5 0 0 1 ( 0.5 0.5 ) *
 1) root 0 0 -1 ( 0.5 0.5 )  
   2) wt < 3.18 0 0 -1 ( 0.5 0.5 )  
     4) mpg < 22.1 0 0 1 ( 0.5 0.5 ) *
     5) mpg > 22.1 0 0 -1 ( 0.5 0.5 )  
      10) mpg < 25.05 0 0 0 ( 0.5 0.5 ) *
      11) mpg > 25.05 0 0 1 ( 0.5 0.5 ) *
   3) wt > 3.18 0 0 0 ( 0.5 0.5 ) *
1) root 0 0 -1 ( 0.5 0.5 )  
  2) wt < 3.18 0 0 -1 ( 0.5 0.5 )  
    4) hp < 103 0 0 -1 ( 0.5 0.5 )  
      8) hp < 95 0 0 1 ( 0.5 0.5 ) *
      9) hp > 95 0 0 0 ( 0.5 0.5 ) *
    5) hp > 103 0 0 1 ( 0.5 0.5 ) *
  3) wt > 3.18 0 0 0 ( 0.5 0.5 ) *
 1) root 0 0 -1 ( 0.5 0.5 )  
   2) wt < 3.0125 0 0 -1 ( 0.5 0.5 )  
     4) mpg < 22.15 0 0 -1 ( 0.5 0.5 )  
       8) wt < 2.5425 0 0 0 ( 0.5 0.5 ) *
       9) wt > 2.5425 0 0 1 ( 0.5 0.5 ) *
     5) mpg > 22.15 0 0 1 ( 0.5 0.5 ) *
   3) wt > 3.0125 0 0 -1 ( 0.5 0.5 )  
     6) mpg < 16.1 0 0 -1 ( 0.5 0.5 )  
      12) hp < 254.5 0 0 0 ( 0.5 0.5 ) *
      13) hp > 254.5 0 0 1 ( 0.5 0.5 ) *
     7) mpg > 16.1 0 0 0 ( 0.5 0.5 ) *
 1) root 0 0 -1 ( 0.5 0.5 )  
   2) wt < 3.18 0 0 1 ( 0.5 0.5 ) *
   3) wt > 3.18 0 0 -1 ( 0.5 0.5 )  
     6) mpg < 15.1 0 0 -1 ( 0.5 0.5 )  
      12) wt < 3.705 0 0 0 ( 0.5 0.5 ) *
      13) wt > 3.705 0 0 0 ( 0.5 0.5 ) *
     7) mpg > 15.1 0 0 0 ( 0.5 0.5 ) *
1) root 0 0 -1 ( 0.5 0.5 )  
  2) wt < 3.1925 0 0 -1 ( 0.5 0.5 )  
    4) hp < 103 0 0 -1 ( 0.5 0.5 )  
      8) hp < 80.5 0 0 1 ( 0.5 0.5 ) *
      9) hp > 80.5 0 0 0 ( 0.5 0.5 ) *
    5) hp > 103 0 0 1 ( 0.5 0.5 ) *
  3) wt > 3.1925 0 0 0 ( 0.5 0.5 ) *
 1) root 0 0 -1 ( 0.5 0.5 )  
   2) wt < 2.965 0 0 1 ( 0.5 0.5 ) *
   3) wt > 2.965 0 0 -1 ( 0.5 0.5 )  
     6) mpg < 15.1 0 0 -1 ( 0.5 0.5 )  
      12) hp < 290 0 0 0 ( 0.5 0.5 ) *
      13) hp > 290 0 0 1 ( 0.5 0.5 ) *
     7) mpg > 15.1 0 0 0 ( 0.5 0.5 ) *
1) root 0 0 -1 ( 0.5 0.5 )  
  2) wt < 3.0325 0 0 -1 ( 0.5 0.5 )  
    4) mpg < 22.15 0 0 -1 ( 0.5 0.5 )  
      8) wt < 2.5425 0 0 0 ( 0.5 0.5 ) *
      9) wt > 2.5425 0 0 1 ( 0.5 0.5 ) *
    5) mpg > 22.15 0 0 1 ( 0.5 0.5 ) *
  3) wt > 3.0325 0 0 0 ( 0.5 0.5 ) *
1) root 0 0 -1 ( 0.5 0.5 )  
  2) mpg < 25.2 0 0 -1 ( 0.5 0.5 )  
    4) hp < 254.5 0 0 -1 ( 0.5 0.5 )  
      8) wt < 3.0125 0 0 1 ( 0.5 0.5 ) *
      9) wt > 3.0125 0 0 0 ( 0.5 0.5 ) *
    5) hp > 254.5 0 0 1 ( 0.5 0.5 ) *
  3) mpg > 25.2 0 0 1 ( 0.5 0.5 ) *
 1) root 0 0 -1 ( 0.5 0.5 )  
   2) mpg < 25.2 0 0 -1 ( 0.5 0.5 )  
     4) mpg < 20.1 0 0 -1 ( 0.5 0.5 )  
       8) wt < 3.65 0 0 -1 ( 0.5 0.5 )  
        16) mpg < 15.1 0 0 1 ( 0.5 0.5 ) *
        17) mpg > 15.1 0 0 0 ( 0.5 0.5 ) *
       9) wt > 3.65 0 0 0 ( 0.5 0.5 ) *
     5) mpg > 20.1 0 0 -1 ( 0.5 0.5 )  
      10) wt < 3.0125 0 0 -1 ( 0.5 0.5 )  
        20) hp < 103.5 0 0 -1 ( 0.5 0.5 )  
          40) wt < 2.3925 0 0 1 ( 0.5 0.5 ) *
          41) wt > 2.3925 0 0 0 ( 0.5 0.5 ) *
        21) hp > 103.5 0 0 1 ( 0.5 0.5 ) *
      11) wt > 3.0125 0 0 0 ( 0.5 0.5 ) *
   3) mpg > 25.2 0 0 1 ( 0.5 0.5 ) *
 1) root 0 0 -1 ( 0.5 0.5 )  
   2) hp < 116.5 0 0 -1 ( 0.5 0.5 )  
     4) wt < 3.0325 0 0 -1 ( 0.5 0.5 )  
       8) hp < 95 0 0 1 ( 0.5 0.5 ) *
       9) hp > 95 0 0 -1 ( 0.5 0.5 )  
        18) hp < 103 0 0 0 ( 0.5 0.5 ) *
        19) hp > 103 0 0 1 ( 0.5 0.5 ) *
     5) wt > 3.0325 0 0 0 ( 0.5 0.5 ) *
   3) hp > 116.5 0 0 -1 ( 0.5 0.5 )  
     6) hp < 254.5 0 0 -1 ( 0.5 0.5 )  
      12) wt < 3.1025 0 0 1 ( 0.5 0.5 ) *
      13) wt > 3.1025 0 0 0 ( 0.5 0.5 ) *
     7) hp > 254.5 0 0 1 ( 0.5 0.5 ) *
 1) root 0 0 -1 ( 0.5 0.5 )  
   2) mpg < 25.85 0 0 -1 ( 0.5 0.5 )  
     4) wt < 3.0125 0 0 1 ( 0.5 0.5 ) *
     5) wt > 3.0125 0 0 -1 ( 0.5 0.5 )  
      10) hp < 290 0 0 0 ( 0.5 0.5 ) *
      11) hp > 290 0 0 1 ( 0.5 0.5 ) *
   3) mpg > 25.85 0 0 1 ( 0.5 0.5 ) *
 1) root 0 0 -1 ( 0.5 0.5 )  
   2) wt < 2.965 0 0 -1 ( 0.5 0.5 )  
     4) wt < 2.3925 0 0 1 ( 0.5 0.5 ) *
     5) wt > 2.3925 0 0 -1 ( 0.5 0.5 )  
      10) hp < 103 0 0 0 ( 0.5 0.5 ) *
      11) hp > 103 0 0 1 ( 0.5 0.5 ) *
   3) wt > 2.965 0 0 -1 ( 0.5 0.5 )  
     6) wt < 3.505 0 0 0 ( 0.5 0.5 ) *
     7) wt > 3.505 0 0 -1 ( 0.5 0.5 )  
      14) mpg < 14.65 0 0 0 ( 0.5 0.5 ) *
      15) mpg > 14.65 0 0 -1 ( 0.5 0.5 )  
        30) wt < 3.65 0 0 1 ( 0.5 0.5 ) *
        31) wt > 3.65 0 0 0 ( 0.5 0.5 ) *
 1) root 0 0 -1 ( 0.5 0.5 )  
   2) wt < 3.18 0 0 -1 ( 0.5 0.5 )  
     4) mpg < 22.15 0 0 -1 ( 0.5 0.5 )  
       8) hp < 103.5 0 0 0 ( 0.5 0.5 ) *
       9) hp > 103.5 0 0 1 ( 0.5 0.5 ) *
     5) mpg > 22.15 0 0 1 ( 0.5 0.5 ) *
   3) wt > 3.18 0 0 -1 ( 0.5 0.5 )  
     6) mpg < 15.25 0 0 -1 ( 0.5 0.5 )  
      12) wt < 3.705 0 0 1 ( 0.5 0.5 ) *
      13) wt > 3.705 0 0 0 ( 0.5 0.5 ) *
     7) mpg > 15.25 0 0 0 ( 0.5 0.5 ) *
1) root 0 0 -1 ( 0.5 0.5 )  
  2) wt < 3.18 0 0 -1 ( 0.5 0.5 )  
    4) hp < 102 0 0 -1 ( 0.5 0.5 )  
      8) hp < 94 0 0 1 ( 0.5 0.5 ) *
      9) hp > 94 0 0 0 ( 0.5 0.5 ) *
    5) hp > 102 0 0 1 ( 0.5 0.5 ) *
  3) wt > 3.18 0 0 0 ( 0.5 0.5 ) *
 1) root 0 0 -1 ( 0.5 0.5 )  
   2) wt < 3.18 0 0 -1 ( 0.5 0.5 )  
     4) hp < 103.5 0 0 -1 ( 0.5 0.5 )  
       8) wt < 2.3925 0 0 1 ( 0.5 0.5 ) *
       9) wt > 2.3925 0 0 0 ( 0.5 0.5 ) *
     5) hp > 103.5 0 0 1 ( 0.5 0.5 ) *
   3) wt > 3.18 0 0 -1 ( 0.5 0.5 )  
     6) wt < 3.545 0 0 0 ( 0.5 0.5 ) *
     7) wt > 3.545 0 0 -1 ( 0.5 0.5 )  
      14) mpg < 14.85 0 0 0 ( 0.5 0.5 ) *
      15) mpg > 14.85 0 0 1 ( 0.5 0.5 ) *
 1) root 0 0 -1 ( 0.5 0.5 )  
   2) mpg < 19.45 0 0 -1 ( 0.5 0.5 )  
     4) hp < 254.5 0 0 0 ( 0.5 0.5 ) *
     5) hp > 254.5 0 0 1 ( 0.5 0.5 ) *
   3) mpg > 19.45 0 0 -1 ( 0.5 0.5 )  
     6) wt < 3.0125 0 0 -1 ( 0.5 0.5 )  
      12) wt < 2.3925 0 0 1 ( 0.5 0.5 ) *
      13) wt > 2.3925 0 0 -1 ( 0.5 0.5 )  
        26) mpg < 21.45 0 0 1 ( 0.5 0.5 ) *
        27) mpg > 21.45 0 0 0 ( 0.5 0.5 ) *
     7) wt > 3.0125 0 0 0 ( 0.5 0.5 ) *
 1) root 0 0 -1 ( 0.5 0.5 )  
   2) hp < 118 0 0 -1 ( 0.5 0.5 )  
     4) wt < 3.0125 0 0 1 ( 0.5 0.5 ) *
     5) wt > 3.0125 0 0 0 ( 0.5 0.5 ) *
   3) hp > 118 0 0 -1 ( 0.5 0.5 )  
     6) hp < 254.5 0 0 -1 ( 0.5 0.5 )  
      12) mpg < 19.45 0 0 0 ( 0.5 0.5 ) *
      13) mpg > 19.45 0 0 1 ( 0.5 0.5 ) *
     7) hp > 254.5 0 0 1 ( 0.5 0.5 ) *
1) root 0 0 -1 ( 0.5 0.5 )  
  2) wt < 3.0125 0 0 1 ( 0.5 0.5 ) *
  3) wt > 3.0125 0 0 -1 ( 0.5 0.5 )  
    6) hp < 254.5 0 0 0 ( 0.5 0.5 ) *
    7) hp > 254.5 0 0 1 ( 0.5 0.5 ) *
 1) root 0 0 -1 ( 0.5 0.5 )  
   2) wt < 3.18 0 0 -1 ( 0.5 0.5 )  
     4) mpg < 21.45 0 0 1 ( 0.5 0.5 ) *
     5) mpg > 21.45 0 0 -1 ( 0.5 0.5 )  
      10) mpg < 22.15 0 0 0 ( 0.5 0.5 ) *
      11) mpg > 22.15 0 0 1 ( 0.5 0.5 ) *
   3) wt > 3.18 0 0 -1 ( 0.5 0.5 )  
     6) mpg < 15.25 0 0 -1 ( 0.5 0.5 )  
      12) mpg < 14.15 0 0 0 ( 0.5 0.5 ) *
      13) mpg > 14.15 0 0 1 ( 0.5 0.5 ) *
     7) mpg > 15.25 0 0 0 ( 0.5 0.5 ) *
 1) root 0 0 -1 ( 0.5 0.5 )  
   2) wt < 3.1925 0 0 -1 ( 0.5 0.5 )  
     4) mpg < 21.45 0 0 1 ( 0.5 0.5 ) *
     5) mpg > 21.45 0 0 -1 ( 0.5 0.5 )  
      10) hp < 94 0 0 1 ( 0.5 0.5 ) *
      11) hp > 94 0 0 0 ( 0.5 0.5 ) *
   3) wt > 3.1925 0 0 0 ( 0.5 0.5 ) *
1) root 0 0 -1 ( 0.5 0.5 )  
  2) hp < 116.5 0 0 -1 ( 0.5 0.5 )  
    4) wt < 3.0325 0 0 1 ( 0.5 0.5 ) *
    5) wt > 3.0325 0 0 0 ( 0.5 0.5 ) *
  3) hp > 116.5 0 0 -1 ( 0.5 0.5 )  
    6) wt < 3.3025 0 0 1 ( 0.5 0.5 ) *
    7) wt > 3.3025 0 0 0 ( 0.5 0.5 ) *
 1) root 0 0 -1 ( 0.5 0.5 )  
   2) mpg < 19.45 0 0 -1 ( 0.5 0.5 )  
     4) hp < 254.5 0 0 0 ( 0.5 0.5 ) *
     5) hp > 254.5 0 0 1 ( 0.5 0.5 ) *
   3) mpg > 19.45 0 0 -1 ( 0.5 0.5 )  
     6) wt < 3.0125 0 0 -1 ( 0.5 0.5 )  
      12) wt < 2.3325 0 0 1 ( 0.5 0.5 ) *
      13) wt > 2.3325 0 0 -1 ( 0.5 0.5 )  
        26) mpg < 21.45 0 0 1 ( 0.5 0.5 ) *
        27) mpg > 21.45 0 0 0 ( 0.5 0.5 ) *
     7) wt > 3.0125 0 0 0 ( 0.5 0.5 ) *
 1) root 0 0 -1 ( 0.5 0.5 )  
   2) wt < 2.3325 0 0 1 ( 0.5 0.5 ) *
   3) wt > 2.3325 0 0 -1 ( 0.5 0.5 )  
     6) hp < 254.5 0 0 -1 ( 0.5 0.5 )  
      12) hp < 109.5 0 0 -1 ( 0.5 0.5 )  
        24) hp < 103 0 0 0 ( 0.5 0.5 ) *
        25) hp > 103 0 0 1 ( 0.5 0.5 ) *
      13) hp > 109.5 0 0 0 ( 0.5 0.5 ) *
     7) hp > 254.5 0 0 1 ( 0.5 0.5 ) *
 1) root 0 0 -1 ( 0.5 0.5 )  
   2) mpg < 25.2 0 0 -1 ( 0.5 0.5 )  
     4) hp < 290 0 0 -1 ( 0.5 0.5 )  
       8) mpg < 19.55 0 0 0 ( 0.5 0.5 ) *
       9) mpg > 19.55 0 0 -1 ( 0.5 0.5 )  
        18) mpg < 21.2 0 0 1 ( 0.5 0.5 ) *
        19) mpg > 21.2 0 0 -1 ( 0.5 0.5 )  
          38) hp < 103 0 0 0 ( 0.5 0.5 ) *
          39) hp > 103 0 0 -1 ( 0.5 0.5 )  
            78) hp < 109.5 0 0 1 ( 0.5 0.5 ) *
            79) hp > 109.5 0 0 0 ( 0.5 0.5 ) *
     5) hp > 290 0 0 1 ( 0.5 0.5 ) *
   3) mpg > 25.2 0 0 1 ( 0.5 0.5 ) *
1) root 0 0 -1 ( 0.5 0.5 )  
  2) wt < 3.18 0 0 -1 ( 0.5 0.5 )  
    4) hp < 103 0 0 -1 ( 0.5 0.5 )  
      8) hp < 95 0 0 1 ( 0.5 0.5 ) *
      9) hp > 95 0 0 0 ( 0.5 0.5 ) *
    5) hp > 103 0 0 1 ( 0.5 0.5 ) *
  3) wt > 3.18 0 0 0 ( 0.5 0.5 ) *
1) root 0 0 -1 ( 0.5 0.5 )  
  2) hp < 116.5 0 0 -1 ( 0.5 0.5 )  
    4) hp < 103 0 0 -1 ( 0.5 0.5 )  
      8) wt < 2.3925 0 0 1 ( 0.5 0.5 ) *
      9) wt > 2.3925 0 0 0 ( 0.5 0.5 ) *
    5) hp > 103 0 0 1 ( 0.5 0.5 ) *
  3) hp > 116.5 0 0 -1 ( 0.5 0.5 )  
    6) hp < 254.5 0 0 0 ( 0.5 0.5 ) *
    7) hp > 254.5 0 0 1 ( 0.5 0.5 ) *
 1) root 0 0 -1 ( 0.5 0.5 )  
   2) wt < 3.18 0 0 -1 ( 0.5 0.5 )  
     4) wt < 3.0125 0 0 1 ( 0.5 0.5 ) *
     5) wt > 3.0125 0 0 -1 ( 0.5 0.5 )  
      10) hp < 179.5 0 0 0 ( 0.5 0.5 ) *
      11) hp > 179.5 0 0 1 ( 0.5 0.5 ) *
   3) wt > 3.18 0 0 0 ( 0.5 0.5 ) *
 1) root 0 0 -1 ( 0.5 0.5 )  
   2) mpg < 19.45 0 0 -1 ( 0.5 0.5 )  
     4) wt < 3.65 0 0 -1 ( 0.5 0.5 )  
       8) wt < 3.545 0 0 0 ( 0.5 0.5 ) *
       9) wt > 3.545 0 0 -1 ( 0.5 0.5 )  
        18) hp < 290 0 0 0 ( 0.5 0.5 ) *
        19) hp > 290 0 0 1 ( 0.5 0.5 ) *
     5) wt > 3.65 0 0 0 ( 0.5 0.5 ) *
   3) mpg > 19.45 0 0 -1 ( 0.5 0.5 )  
     6) wt < 2.965 0 0 -1 ( 0.5 0.5 )  
      12) wt < 2.3925 0 0 1 ( 0.5 0.5 ) *
      13) wt > 2.3925 0 0 -1 ( 0.5 0.5 )  
        26) mpg < 21.45 0 0 1 ( 0.5 0.5 ) *
        27) mpg > 21.45 0 0 0 ( 0.5 0.5 ) *
     7) wt > 2.965 0 0 0 ( 0.5 0.5 ) *
 1) root 0 0 -1 ( 0.5 0.5 )  
   2) mpg < 25.85 0 0 -1 ( 0.5 0.5 )  
     4) mpg < 21.2 0 0 -1 ( 0.5 0.5 )  
       8) wt < 3.1575 0 0 1 ( 0.5 0.5 ) *
       9) wt > 3.1575 0 0 -1 ( 0.5 0.5 )  
        18) wt < 3.65 0 0 -1 ( 0.5 0.5 )  
          36) mpg < 17.1 0 0 -1 ( 0.5 0.5 )  
            72) hp < 290 0 0 0 ( 0.5 0.5 ) *
            73) hp > 290 0 0 1 ( 0.5 0.5 ) *
          37) mpg > 17.1 0 0 0 ( 0.5 0.5 ) *
        19) wt > 3.65 0 0 0 ( 0.5 0.5 ) *
     5) mpg > 21.2 0 0 0 ( 0.5 0.5 ) *
   3) mpg > 25.85 0 0 1 ( 0.5 0.5 ) *
1) root 0 0 -1 ( 0.5 0.5 )  
  2) wt < 3.1075 0 0 -1 ( 0.5 0.5 )  
    4) mpg < 23.75 0 0 -1 ( 0.5 0.5 )  
      8) wt < 2.6175 0 0 0 ( 0.5 0.5 ) *
      9) wt > 2.6175 0 0 1 ( 0.5 0.5 ) *
    5) mpg > 23.75 0 0 1 ( 0.5 0.5 ) *
  3) wt > 3.1075 0 0 0 ( 0.5 0.5 ) *
 1) root 0 0 -1 ( 0.5 0.5 )  
   2) wt < 3.0125 0 0 1 ( 0.5 0.5 ) *
   3) wt > 3.0125 0 0 -1 ( 0.5 0.5 )  
     6) wt < 3.18 0 0 -1 ( 0.5 0.5 )  
      12) hp < 179.5 0 0 0 ( 0.5 0.5 ) *
      13) hp > 179.5 0 0 1 ( 0.5 0.5 ) *
     7) wt > 3.18 0 0 0 ( 0.5 0.5 ) *
  1) root 0 0 -1 ( 0.5 0.5 )  
    2) hp < 254.5 0 0 -1 ( 0.5 0.5 )  
      4) hp < 116.5 0 0 -1 ( 0.5 0.5 )  
        8) hp < 64 0 0 0 ( 0.5 0.5 ) *
        9) hp > 64 0 0 -1 ( 0.5 0.5 )  
         18) hp < 94 0 0 1 ( 0.5 0.5 ) *
         19) hp > 94 0 0 -1 ( 0.5 0.5 )  
           38) mpg < 21.45 0 0 -1 ( 0.5 0.5 )  
             76) mpg < 19.55 0 0 0 ( 0.5 0.5 ) *
             77) mpg > 19.55 0 0 -1 ( 0.5 0.5 )  
              154) mpg < 21.2 0 0 1 ( 0.5 0.5 ) *
              155) mpg > 21.2 0 0 -1 ( 0.5 0.5 )  
                310) hp < 109.5 0 0 1 ( 0.5 0.5 ) *
                311) hp > 109.5 0 0 0 ( 0.5 0.5 ) *
           39) mpg > 21.45 0 0 0 ( 0.5 0.5 ) *
      5) hp > 116.5 0 0 0 ( 0.5 0.5 ) *
    3) hp > 254.5 0 0 1 ( 0.5 0.5 ) *
 1) root 0 0 -1 ( 0.5 0.5 )  
   2) hp < 118 0 0 -1 ( 0.5 0.5 )  
     4) hp < 102 0 0 -1 ( 0.5 0.5 )  
       8) wt < 2.735 0 0 1 ( 0.5 0.5 ) *
       9) wt > 2.735 0 0 0 ( 0.5 0.5 ) *
     5) hp > 102 0 0 1 ( 0.5 0.5 ) *
   3) hp > 118 0 0 -1 ( 0.5 0.5 )  
     6) mpg < 19.45 0 0 -1 ( 0.5 0.5 )  
      12) wt < 3.3025 0 0 1 ( 0.5 0.5 ) *
      13) wt > 3.3025 0 0 -1 ( 0.5 0.5 )  
        26) mpg < 15.1 0 0 -1 ( 0.5 0.5 )  
          52) mpg < 12.7 0 0 0 ( 0.5 0.5 ) *
          53) mpg > 12.7 0 0 1 ( 0.5 0.5 ) *
        27) mpg > 15.1 0 0 0 ( 0.5 0.5 ) *
     7) mpg > 19.45 0 0 1 ( 0.5 0.5 ) *
 1) root 0 0 -1 ( 0.5 0.5 )  
   2) cyl < 7 0 0 -1 ( 0.5 0.5 )  
     4) wt < 2.985 0 0 -1 ( 0.5 0.5 )  
       8) mpg < 25.95 0 0 -1 ( 0.5 0.5 )  
        16) wt < 2.5425 0 0 0 ( 0.5 0.5 ) *
        17) wt > 2.5425 0 0 1 ( 0.5 0.5 ) *
       9) mpg > 25.95 0 0 1 ( 0.5 0.5 ) *
     5) wt > 2.985 0 0 0 ( 0.5 0.5 ) *
   3) cyl > 7 0 0 -1 ( 0.5 0.5 )  
     6) wt < 3.65 0 0 -1 ( 0.5 0.5 )  
      12) wt < 3.505 0 0 0 ( 0.5 0.5 ) *
      13) wt > 3.505 0 0 1 ( 0.5 0.5 ) *
     7) wt > 3.65 0 0 0 ( 0.5 0.5 ) *
 1) root 0 0 -1 ( 0.5 0.5 )  
   2) mpg < 25.85 0 0 -1 ( 0.5 0.5 )  
     4) hp < 254.5 0 0 -1 ( 0.5 0.5 )  
       8) wt < 2.885 0 0 -1 ( 0.5 0.5 )  
        16) wt < 2.5425 0 0 -1 ( 0.5 0.5 )  
          32) wt < 2.3925 0 0 1 ( 0.5 0.5 ) *
          33) wt > 2.3925 0 0 0 ( 0.5 0.5 ) *
        17) wt > 2.5425 0 0 1 ( 0.5 0.5 ) *
       9) wt > 2.885 0 0 0 ( 0.5 0.5 ) *
     5) hp > 254.5 0 0 1 ( 0.5 0.5 ) *
   3) mpg > 25.85 0 0 1 ( 0.5 0.5 ) *
 1) root 0 0 -1 ( 0.5 0.5 )  
   2) wt < 3.0125 0 0 1 ( 0.5 0.5 ) *
   3) wt > 3.0125 0 0 -1 ( 0.5 0.5 )  
     6) wt < 3.18 0 0 -1 ( 0.5 0.5 )  
      12) mpg < 19.3 0 0 1 ( 0.5 0.5 ) *
      13) mpg > 19.3 0 0 0 ( 0.5 0.5 ) *
     7) wt > 3.18 0 0 -1 ( 0.5 0.5 )  
      14) mpg < 15.1 0 0 -1 ( 0.5 0.5 )  
        28) mpg < 12.7 0 0 0 ( 0.5 0.5 ) *
        29) mpg > 12.7 0 0 1 ( 0.5 0.5 ) *
      15) mpg > 15.1 0 0 0 ( 0.5 0.5 ) *
1) root 0 0 -1 ( 0.5 0.5 )  
  2) mpg < 19.45 0 0 -1 ( 0.5 0.5 )  
    4) wt < 3.3025 0 0 1 ( 0.5 0.5 ) *
    5) wt > 3.3025 0 0 0 ( 0.5 0.5 ) *
  3) mpg > 19.45 0 0 -1 ( 0.5 0.5 )  
    6) wt < 3.0125 0 0 1 ( 0.5 0.5 ) *
    7) wt > 3.0125 0 0 0 ( 0.5 0.5 ) *
 1) root 0 0 -1 ( 0.5 0.5 )  
   2) mpg < 20.1 0 0 -1 ( 0.5 0.5 )  
     4) mpg < 14.85 0 0 0 ( 0.5 0.5 ) *
     5) mpg > 14.85 0 0 -1 ( 0.5 0.5 )  
      10) hp < 222 0 0 0 ( 0.5 0.5 ) *
      11) hp > 222 0 0 1 ( 0.5 0.5 ) *
   3) mpg > 20.1 0 0 -1 ( 0.5 0.5 )  
     6) wt < 2.965 0 0 -1 ( 0.5 0.5 )  
      12) mpg < 22.15 0 0 -1 ( 0.5 0.5 )  
        24) wt < 2.5425 0 0 0 ( 0.5 0.5 ) *
        25) wt > 2.5425 0 0 1 ( 0.5 0.5 ) *
      13) mpg > 22.15 0 0 1 ( 0.5 0.5 ) *
     7) wt > 2.965 0 0 0 ( 0.5 0.5 ) *
1) root 0 0 -1 ( 0.5 0.5 )  
  2) mpg < 19.45 0 0 -1 ( 0.5 0.5 )  
    4) hp < 290 0 0 0 ( 0.5 0.5 ) *
    5) hp > 290 0 0 1 ( 0.5 0.5 ) *
  3) mpg > 19.45 0 0 -1 ( 0.5 0.5 )  
    6) wt < 2.965 0 0 1 ( 0.5 0.5 ) *
    7) wt > 2.965 0 0 0 ( 0.5 0.5 ) *
 1) root 0 0 -1 ( 0.5 0.5 )  
   2) hp < 116.5 0 0 -1 ( 0.5 0.5 )  
     4) mpg < 25.2 0 0 -1 ( 0.5 0.5 )  
       8) hp < 107 0 0 0 ( 0.5 0.5 ) *
       9) hp > 107 0 0 1 ( 0.5 0.5 ) *
     5) mpg > 25.2 0 0 1 ( 0.5 0.5 ) *
   3) hp > 116.5 0 0 -1 ( 0.5 0.5 )  
     6) wt < 3.3025 0 0 1 ( 0.5 0.5 ) *
     7) wt > 3.3025 0 0 -1 ( 0.5 0.5 )  
      14) mpg < 15.1 0 0 -1 ( 0.5 0.5 )  
        28) hp < 282.5 0 0 0 ( 0.5 0.5 ) *
        29) hp > 282.5 0 0 1 ( 0.5 0.5 ) *
      15) mpg > 15.1 0 0 0 ( 0.5 0.5 ) *
 1) root 0 0 -1 ( 0.5 0.5 )  
   2) wt < 3.18 0 0 -1 ( 0.5 0.5 )  
     4) wt < 2.3925 0 0 1 ( 0.5 0.5 ) *
     5) wt > 2.3925 0 0 -1 ( 0.5 0.5 )  
      10) mpg < 21.45 0 0 1 ( 0.5 0.5 ) *
      11) mpg > 21.45 0 0 0 ( 0.5 0.5 ) *
   3) wt > 3.18 0 0 -1 ( 0.5 0.5 )  
     6) hp < 290 0 0 0 ( 0.5 0.5 ) *
     7) hp > 290 0 0 1 ( 0.5 0.5 ) *
 1) root 0 0 -1 ( 0.5 0.5 )  
   2) wt < 3.18 0 0 1 ( 0.5 0.5 ) *
   3) wt > 3.18 0 0 -1 ( 0.5 0.5 )  
     6) mpg < 15.1 0 0 -1 ( 0.5 0.5 )  
      12) mpg < 14.85 0 0 0 ( 0.5 0.5 ) *
      13) mpg > 14.85 0 0 1 ( 0.5 0.5 ) *
     7) mpg > 15.1 0 0 0 ( 0.5 0.5 ) *
 1) root 0 0 -1 ( 0.5 0.5 )  
   2) hp < 247 0 0 -1 ( 0.5 0.5 )  
     4) wt < 3.0325 0 0 -1 ( 0.5 0.5 )  
       8) wt < 2.3925 0 0 1 ( 0.5 0.5 ) *
       9) wt > 2.3925 0 0 -1 ( 0.5 0.5 )  
        18) hp < 103 0 0 0 ( 0.5 0.5 ) *
        19) hp > 103 0 0 1 ( 0.5 0.5 ) *
     5) wt > 3.0325 0 0 0 ( 0.5 0.5 ) *
   3) hp > 247 0 0 1 ( 0.5 0.5 ) *
 1) root 0 0 -1 ( 0.5 0.5 )  
   2) mpg < 18.75 0 0 0 ( 0.5 0.5 ) *
   3) mpg > 18.75 0 0 -1 ( 0.5 0.5 )  
     6) wt < 3.0125 0 0 -1 ( 0.5 0.5 )  
      12) mpg < 22.15 0 0 -1 ( 0.5 0.5 )  
        24) hp < 103 0 0 0 ( 0.5 0.5 ) *
        25) hp > 103 0 0 1 ( 0.5 0.5 ) *
      13) mpg > 22.15 0 0 1 ( 0.5 0.5 ) *
     7) wt > 3.0125 0 0 0 ( 0.5 0.5 ) *
  1) root 0 0 -1 ( 0.5 0.5 )  
    2) cyl < 7 0 0 -1 ( 0.5 0.5 )  
      4) mpg < 19.45 0 0 0 ( 0.5 0.5 ) *
      5) mpg > 19.45 0 0 -1 ( 0.5 0.5 )  
       10) hp < 64 0 0 -1 ( 0.5 0.5 )  
         20) wt < 2.4025 0 0 1 ( 0.5 0.5 ) *
         21) wt > 2.4025 0 0 0 ( 0.5 0.5 ) *
       11) hp > 64 0 0 -1 ( 0.5 0.5 )  
         22) mpg < 21.2 0 0 1 ( 0.5 0.5 ) *
         23) mpg > 21.2 0 0 -1 ( 0.5 0.5 )  
           46) mpg < 23.75 0 0 -1 ( 0.5 0.5 )  
             92) wt < 2.6225 0 0 0 ( 0.5 0.5 ) *
             93) wt > 2.6225 0 0 -1 ( 0.5 0.5 )  
              186) wt < 2.9975 0 0 1 ( 0.5 0.5 ) *
              187) wt > 2.9975 0 0 0 ( 0.5 0.5 ) *
           47) mpg > 23.75 0 0 1 ( 0.5 0.5 ) *
    3) cyl > 7 0 0 -1 ( 0.5 0.5 )  
      6) mpg < 15.1 0 0 -1 ( 0.5 0.5 )  
       12) hp < 290 0 0 0 ( 0.5 0.5 ) *
       13) hp > 290 0 0 1 ( 0.5 0.5 ) *
      7) mpg > 15.1 0 0 0 ( 0.5 0.5 ) *
1) root 0 0 -1 ( 0.5 0.5 )  
  2) wt < 3.18 0 0 -1 ( 0.5 0.5 )  
    4) hp < 102.5 0 0 -1 ( 0.5 0.5 )  
      8) hp < 94 0 0 1 ( 0.5 0.5 ) *
      9) hp > 94 0 0 0 ( 0.5 0.5 ) *
    5) hp > 102.5 0 0 1 ( 0.5 0.5 ) *
  3) wt > 3.18 0 0 0 ( 0.5 0.5 ) *
 1) root 0 0 -1 ( 0.5 0.5 )  
   2) wt < 2.965 0 0 1 ( 0.5 0.5 ) *
   3) wt > 2.965 0 0 -1 ( 0.5 0.5 )  
     6) mpg < 16.55 0 0 -1 ( 0.5 0.5 )  
      12) mpg < 15.65 0 0 -1 ( 0.5 0.5 )  
        24) hp < 290 0 0 0 ( 0.5 0.5 ) *
        25) hp > 290 0 0 1 ( 0.5 0.5 ) *
      13) mpg > 15.65 0 0 1 ( 0.5 0.5 ) *
     7) mpg > 16.55 0 0 0 ( 0.5 0.5 ) *
1) root 0 0 -1 ( 0.5 0.5 )  
  2) mpg < 25.2 0 0 -1 ( 0.5 0.5 )  
    4) hp < 254.5 0 0 -1 ( 0.5 0.5 )  
      8) wt < 3.0125 0 0 1 ( 0.5 0.5 ) *
      9) wt > 3.0125 0 0 0 ( 0.5 0.5 ) *
    5) hp > 254.5 0 0 1 ( 0.5 0.5 ) *
  3) mpg > 25.2 0 0 1 ( 0.5 0.5 ) *
 1) root 0 0 -1 ( 0.5 0.5 )  
   2) mpg < 19.45 0 0 0 ( 0.5 0.5 ) *
   3) mpg > 19.45 0 0 -1 ( 0.5 0.5 )  
     6) mpg < 25.85 0 0 -1 ( 0.5 0.5 )  
      12) hp < 103 0 0 -1 ( 0.5 0.5 )  
        24) wt < 2.3925 0 0 1 ( 0.5 0.5 ) *
        25) wt > 2.3925 0 0 0 ( 0.5 0.5 ) *
      13) hp > 103 0 0 -1 ( 0.5 0.5 )  
        26) wt < 2.9975 0 0 1 ( 0.5 0.5 ) *
        27) wt > 2.9975 0 0 0 ( 0.5 0.5 ) *
     7) mpg > 25.85 0 0 1 ( 0.5 0.5 ) *
 1) root 0 0 -1 ( 0.5 0.5 )  
   2) mpg < 25.2 0 0 -1 ( 0.5 0.5 )  
     4) mpg < 20.1 0 0 -1 ( 0.5 0.5 )  
       8) wt < 3.3025 0 0 1 ( 0.5 0.5 ) *
       9) wt > 3.3025 0 0 0 ( 0.5 0.5 ) *
     5) mpg > 20.1 0 0 -1 ( 0.5 0.5 )  
      10) hp < 103 0 0 -1 ( 0.5 0.5 )  
        20) wt < 2.3925 0 0 1 ( 0.5 0.5 ) *
        21) wt > 2.3925 0 0 0 ( 0.5 0.5 ) *
      11) hp > 103 0 0 -1 ( 0.5 0.5 )  
        22) cyl < 5 0 0 1 ( 0.5 0.5 ) *
        23) cyl > 5 0 0 -1 ( 0.5 0.5 )  
          46) wt < 2.9175 0 0 1 ( 0.5 0.5 ) *
          47) wt > 2.9175 0 0 0 ( 0.5 0.5 ) *
   3) mpg > 25.2 0 0 1 ( 0.5 0.5 ) *
 1) root 0 0 -1 ( 0.5 0.5 )  
   2) wt < 3.1925 0 0 1 ( 0.5 0.5 ) *
   3) wt > 3.1925 0 0 -1 ( 0.5 0.5 )  
     6) wt < 3.505 0 0 0 ( 0.5 0.5 ) *
     7) wt > 3.505 0 0 -1 ( 0.5 0.5 )  
      14) wt < 3.675 0 0 1 ( 0.5 0.5 ) *
      15) wt > 3.675 0 0 0 ( 0.5 0.5 ) *
1) root 0 0 -1 ( 0.5 0.5 )  
  2) wt < 3.0125 0 0 -1 ( 0.5 0.5 )  
    4) mpg < 24.4 0 0 -1 ( 0.5 0.5 )  
      8) mpg < 21.45 0 0 1 ( 0.5 0.5 ) *
      9) mpg > 21.45 0 0 0 ( 0.5 0.5 ) *
    5) mpg > 24.4 0 0 1 ( 0.5 0.5 ) *
  3) wt > 3.0125 0 0 -1 ( 0.5 0.5 )  
    6) hp < 290 0 0 0 ( 0.5 0.5 ) *
    7) hp > 290 0 0 1 ( 0.5 0.5 ) *
 1) root 0 0 -1 ( 0.5 0.5 )  
   2) hp < 94 0 0 1 ( 0.5 0.5 ) *
   3) hp > 94 0 0 -1 ( 0.5 0.5 )  
     6) cyl < 7 0 0 -1 ( 0.5 0.5 )  
      12) hp < 103 0 0 0 ( 0.5 0.5 ) *
      13) hp > 103 0 0 -1 ( 0.5 0.5 )  
        26) wt < 2.9975 0 0 1 ( 0.5 0.5 ) *
        27) wt > 2.9975 0 0 0 ( 0.5 0.5 ) *
     7) cyl > 7 0 0 0 ( 0.5 0.5 ) *
 1) root 0 0 -1 ( 0.5 0.5 )  
   2) wt < 3.0125 0 0 1 ( 0.5 0.5 ) *
   3) wt > 3.0125 0 0 -1 ( 0.5 0.5 )  
     6) mpg < 16.8 0 0 -1 ( 0.5 0.5 )  
      12) wt < 3.675 0 0 -1 ( 0.5 0.5 )  
        24) mpg < 14.65 0 0 0 ( 0.5 0.5 ) *
        25) mpg > 14.65 0 0 1 ( 0.5 0.5 ) *
      13) wt > 3.675 0 0 0 ( 0.5 0.5 ) *
     7) mpg > 16.8 0 0 0 ( 0.5 0.5 ) *
 1) root 0 0 -1 ( 0.5 0.5 )  
   2) wt < 3.18 0 0 -1 ( 0.5 0.5 )  
     4) mpg < 24.4 0 0 -1 ( 0.5 0.5 )  
       8) mpg < 21.25 0 0 1 ( 0.5 0.5 ) *
       9) mpg > 21.25 0 0 -1 ( 0.5 0.5 )  
        18) wt < 2.3925 0 0 1 ( 0.5 0.5 ) *
        19) wt > 2.3925 0 0 0 ( 0.5 0.5 ) *
     5) mpg > 24.4 0 0 1 ( 0.5 0.5 ) *
   3) wt > 3.18 0 0 -1 ( 0.5 0.5 )  
     6) hp < 290 0 0 0 ( 0.5 0.5 ) *
     7) hp > 290 0 0 1 ( 0.5 0.5 ) *
 1) root 0 0 -1 ( 0.5 0.5 )  
   2) mpg < 19.45 0 0 -1 ( 0.5 0.5 )  
     4) hp < 254.5 0 0 0 ( 0.5 0.5 ) *
     5) hp > 254.5 0 0 1 ( 0.5 0.5 ) *
   3) mpg > 19.45 0 0 -1 ( 0.5 0.5 )  
     6) mpg < 24.4 0 0 -1 ( 0.5 0.5 )  
      12) mpg < 20.55 0 0 1 ( 0.5 0.5 ) *
      13) mpg > 20.55 0 0 -1 ( 0.5 0.5 )  
        26) wt < 2.965 0 0 1 ( 0.5 0.5 ) *
        27) wt > 2.965 0 0 0 ( 0.5 0.5 ) *
     7) mpg > 24.4 0 0 1 ( 0.5 0.5 ) *
1) root 0 0 -1 ( 0.5 0.5 )  
  2) wt < 3.0125 0 0 1 ( 0.5 0.5 ) *
  3) wt > 3.0125 0 0 -1 ( 0.5 0.5 )  
    6) hp < 247 0 0 0 ( 0.5 0.5 ) *
    7) hp > 247 0 0 1 ( 0.5 0.5 ) *
 1) root 0 0 -1 ( 0.5 0.5 )  
   2) wt < 3.3025 0 0 -1 ( 0.5 0.5 )  
     4) mpg < 22.15 0 0 -1 ( 0.5 0.5 )  
       8) hp < 103 0 0 0 ( 0.5 0.5 ) *
       9) hp > 103 0 0 1 ( 0.5 0.5 ) *
     5) mpg > 22.15 0 0 1 ( 0.5 0.5 ) *
   3) wt > 3.3025 0 0 -1 ( 0.5 0.5 )  
     6) mpg < 15.1 0 0 -1 ( 0.5 0.5 )  
      12) mpg < 14.85 0 0 0 ( 0.5 0.5 ) *
      13) mpg > 14.85 0 0 1 ( 0.5 0.5 ) *
     7) mpg > 15.1 0 0 0 ( 0.5 0.5 ) *
1) root 0 0 -1 ( 0.5 0.5 )  
  2) wt < 3.18 0 0 -1 ( 0.5 0.5 )  
    4) cyl < 5 0 0 -1 ( 0.5 0.5 )  
      8) mpg < 25.05 0 0 0 ( 0.5 0.5 ) *
      9) mpg > 25.05 0 0 1 ( 0.5 0.5 ) *
    5) cyl > 5 0 0 1 ( 0.5 0.5 ) *
  3) wt > 3.18 0 0 -1 ( 0.5 0.5 )  
    6) hp < 290 0 0 0 ( 0.5 0.5 ) *
    7) hp > 290 0 0 1 ( 0.5 0.5 ) *
 1) root 0 0 -1 ( 0.5 0.5 )  
   2) wt < 3.0125 0 0 -1 ( 0.5 0.5 )  
     4) wt < 2.3325 0 0 1 ( 0.5 0.5 ) *
     5) wt > 2.3325 0 0 -1 ( 0.5 0.5 )  
      10) hp < 103.5 0 0 0 ( 0.5 0.5 ) *
      11) hp > 103.5 0 0 1 ( 0.5 0.5 ) *
   3) wt > 3.0125 0 0 0 ( 0.5 0.5 ) *
 1) root 0 0 -1 ( 0.5 0.5 )  
   2) mpg < 19.85 0 0 -1 ( 0.5 0.5 )  
     4) hp < 254.5 0 0 0 ( 0.5 0.5 ) *
     5) hp > 254.5 0 0 1 ( 0.5 0.5 ) *
   3) mpg > 19.85 0 0 -1 ( 0.5 0.5 )  
     6) wt < 3.0125 0 0 -1 ( 0.5 0.5 )  
      12) hp < 95 0 0 1 ( 0.5 0.5 ) *
      13) hp > 95 0 0 -1 ( 0.5 0.5 )  
        26) mpg < 21.45 0 0 1 ( 0.5 0.5 ) *
        27) mpg > 21.45 0 0 -1 ( 0.5 0.5 )  
          54) mpg < 25.95 0 0 0 ( 0.5 0.5 ) *
          55) mpg > 25.95 0 0 1 ( 0.5 0.5 ) *
     7) wt > 3.0125 0 0 0 ( 0.5 0.5 ) *
1) root 0 0 -1 ( 0.5 0.5 )  
  2) cyl < 7 0 0 -1 ( 0.5 0.5 )  
    4) wt < 3.0325 0 0 1 ( 0.5 0.5 ) *
    5) wt > 3.0325 0 0 0 ( 0.5 0.5 ) *
  3) cyl > 7 0 0 -1 ( 0.5 0.5 )  
    6) wt < 3.305 0 0 1 ( 0.5 0.5 ) *
    7) wt > 3.305 0 0 0 ( 0.5 0.5 ) *
 1) root 0 0 -1 ( 0.5 0.5 )  
   2) wt < 2.96 0 0 1 ( 0.5 0.5 ) *
   3) wt > 2.96 0 0 -1 ( 0.5 0.5 )  
     6) mpg < 16.1 0 0 -1 ( 0.5 0.5 )  
      12) hp < 254.5 0 0 0 ( 0.5 0.5 ) *
      13) hp > 254.5 0 0 1 ( 0.5 0.5 ) *
     7) mpg > 16.1 0 0 0 ( 0.5 0.5 ) *
1) root 0 0 -1 ( 0.5 0.5 )  
  2) cyl < 7 0 0 -1 ( 0.5 0.5 )  
    4) wt < 3.0125 0 0 1 ( 0.5 0.5 ) *
    5) wt > 3.0125 0 0 0 ( 0.5 0.5 ) *
  3) cyl > 7 0 0 0 ( 0.5 0.5 ) *
 1) root 0 0 -1 ( 0.5 0.5 )  
   2) mpg < 19.45 0 0 -1 ( 0.5 0.5 )  
     4) wt < 3.3025 0 0 1 ( 0.5 0.5 ) *
     5) wt > 3.3025 0 0 -1 ( 0.5 0.5 )  
      10) hp < 270 0 0 0 ( 0.5 0.5 ) *
      11) hp > 270 0 0 1 ( 0.5 0.5 ) *
   3) mpg > 19.45 0 0 -1 ( 0.5 0.5 )  
     6) wt < 3.0125 0 0 1 ( 0.5 0.5 ) *
     7) wt > 3.0125 0 0 0 ( 0.5 0.5 ) *
 1) root 0 0 -1 ( 0.5 0.5 )  
   2) mpg < 25.2 0 0 -1 ( 0.5 0.5 )  
     4) hp < 275 0 0 -1 ( 0.5 0.5 )  
       8) hp < 116.5 0 0 -1 ( 0.5 0.5 )  
        16) wt < 3.0125 0 0 -1 ( 0.5 0.5 )  
          32) wt < 2.6225 0 0 0 ( 0.5 0.5 ) *
          33) wt > 2.6225 0 0 1 ( 0.5 0.5 ) *
        17) wt > 3.0125 0 0 0 ( 0.5 0.5 ) *
       9) hp > 116.5 0 0 0 ( 0.5 0.5 ) *
     5) hp > 275 0 0 1 ( 0.5 0.5 ) *
   3) mpg > 25.2 0 0 1 ( 0.5 0.5 ) *
 1) root 0 0 -1 ( 0.5 0.5 )  
   2) wt < 3.0125 0 0 -1 ( 0.5 0.5 )  
     4) wt < 2.3925 0 0 1 ( 0.5 0.5 ) *
     5) wt > 2.3925 0 0 -1 ( 0.5 0.5 )  
      10) hp < 103 0 0 0 ( 0.5 0.5 ) *
      11) hp > 103 0 0 1 ( 0.5 0.5 ) *
   3) wt > 3.0125 0 0 -1 ( 0.5 0.5 )  
     6) wt < 3.65 0 0 -1 ( 0.5 0.5 )  
      12) hp < 290 0 0 0 ( 0.5 0.5 ) *
      13) hp > 290 0 0 1 ( 0.5 0.5 ) *
     7) wt > 3.65 0 0 0 ( 0.5 0.5 ) *
 1) root 0 0 -1 ( 0.5 0.5 )  
   2) wt < 3.705 0 0 -1 ( 0.5 0.5 )  
     4) wt < 2.3925 0 0 1 ( 0.5 0.5 ) *
     5) wt > 2.3925 0 0 -1 ( 0.5 0.5 )  
      10) hp < 162.5 0 0 0 ( 0.5 0.5 ) *
      11) hp > 162.5 0 0 1 ( 0.5 0.5 ) *
   3) wt > 3.705 0 0 0 ( 0.5 0.5 ) *
1) root 0 0 -1 ( 0.5 0.5 )  
  2) wt < 3.1925 0 0 1 ( 0.5 0.5 ) *
  3) wt > 3.1925 0 0 0 ( 0.5 0.5 ) *
 1) root 0 0 -1 ( 0.5 0.5 )  
   2) mpg < 19.45 0 0 0 ( 0.5 0.5 ) *
   3) mpg > 19.45 0 0 -1 ( 0.5 0.5 )  
     6) wt < 3.0325 0 0 -1 ( 0.5 0.5 )  
      12) hp < 103 0 0 -1 ( 0.5 0.5 )  
        24) wt < 2.3925 0 0 1 ( 0.5 0.5 ) *
        25) wt > 2.3925 0 0 0 ( 0.5 0.5 ) *
      13) hp > 103 0 0 1 ( 0.5 0.5 ) *
     7) wt > 3.0325 0 0 0 ( 0.5 0.5 ) *
 1) root 0 0 -1 ( 0.5 0.5 )  
   2) cyl < 7 0 0 -1 ( 0.5 0.5 )  
     4) wt < 3.0125 0 0 1 ( 0.5 0.5 ) *
     5) wt > 3.0125 0 0 0 ( 0.5 0.5 ) *
   3) cyl > 7 0 0 -1 ( 0.5 0.5 )  
     6) mpg < 16.1 0 0 -1 ( 0.5 0.5 )  
      12) wt < 3.3025 0 0 1 ( 0.5 0.5 ) *
      13) wt > 3.3025 0 0 -1 ( 0.5 0.5 )  
        26) hp < 290 0 0 0 ( 0.5 0.5 ) *
        27) hp > 290 0 0 1 ( 0.5 0.5 ) *
     7) mpg > 16.1 0 0 0 ( 0.5 0.5 ) *
 1) root 0 0 -1 ( 0.5 0.5 )  
   2) wt < 2.965 0 0 1 ( 0.5 0.5 ) *
   3) wt > 2.965 0 0 -1 ( 0.5 0.5 )  
     6) wt < 3.675 0 0 -1 ( 0.5 0.5 )  
      12) mpg < 16.95 0 0 -1 ( 0.5 0.5 )  
        24) hp < 254.5 0 0 0 ( 0.5 0.5 ) *
        25) hp > 254.5 0 0 1 ( 0.5 0.5 ) *
      13) mpg > 16.95 0 0 0 ( 0.5 0.5 ) *
     7) wt > 3.675 0 0 0 ( 0.5 0.5 ) *
 1) root 0 0 -1 ( 0.5 0.5 )  
   2) wt < 3.1925 0 0 -1 ( 0.5 0.5 )  
     4) mpg < 21.45 0 0 1 ( 0.5 0.5 ) *
     5) mpg > 21.45 0 0 -1 ( 0.5 0.5 )  
      10) hp < 81.5 0 0 1 ( 0.5 0.5 ) *
      11) hp > 81.5 0 0 0 ( 0.5 0.5 ) *
   3) wt > 3.1925 0 0 -1 ( 0.5 0.5 )  
     6) wt < 3.65 0 0 -1 ( 0.5 0.5 )  
      12) wt < 3.515 0 0 0 ( 0.5 0.5 ) *
      13) wt > 3.515 0 0 -1 ( 0.5 0.5 )  
        26) hp < 290 0 0 0 ( 0.5 0.5 ) *
        27) hp > 290 0 0 1 ( 0.5 0.5 ) *
     7) wt > 3.65 0 0 0 ( 0.5 0.5 ) *
 1) root 0 0 -1 ( 0.5 0.5 )  
   2) hp < 118 0 0 -1 ( 0.5 0.5 )  
     4) wt < 3.0325 0 0 1 ( 0.5 0.5 ) *
     5) wt > 3.0325 0 0 0 ( 0.5 0.5 ) *
   3) hp > 118 0 0 -1 ( 0.5 0.5 )  
     6) wt < 3.3025 0 0 1 ( 0.5 0.5 ) *
     7) wt > 3.3025 0 0 -1 ( 0.5 0.5 )  
      14) hp < 290 0 0 0 ( 0.5 0.5 ) *
      15) hp > 290 0 0 1 ( 0.5 0.5 ) *
 1) root 0 0 -1 ( 0.5 0.5 )  
   2) cyl < 5 0 0 -1 ( 0.5 0.5 )  
     4) wt < 2.755 0 0 1 ( 0.5 0.5 ) *
     5) wt > 2.755 0 0 0 ( 0.5 0.5 ) *
   3) cyl > 5 0 0 -1 ( 0.5 0.5 )  
     6) wt < 3.1925 0 0 1 ( 0.5 0.5 ) *
     7) wt > 3.1925 0 0 -1 ( 0.5 0.5 )  
      14) hp < 290 0 0 0 ( 0.5 0.5 ) *
      15) hp > 290 0 0 1 ( 0.5 0.5 ) *
1) root 0 0 -1 ( 0.5 0.5 )  
  2) wt < 3.18 0 0 -1 ( 0.5 0.5 )  
    4) cyl < 5 0 0 -1 ( 0.5 0.5 )  
      8) wt < 2.3025 0 0 1 ( 0.5 0.5 ) *
      9) wt > 2.3025 0 0 0 ( 0.5 0.5 ) *
    5) cyl > 5 0 0 1 ( 0.5 0.5 ) *
  3) wt > 3.18 0 0 0 ( 0.5 0.5 ) *
 1) root 0 0 -1 ( 0.5 0.5 )  
   2) wt < 3.18 0 0 1 ( 0.5 0.5 ) *
   3) wt > 3.18 0 0 -1 ( 0.5 0.5 )  
     6) wt < 3.65 0 0 -1 ( 0.5 0.5 )  
      12) mpg < 15.1 0 0 1 ( 0.5 0.5 ) *
      13) mpg > 15.1 0 0 0 ( 0.5 0.5 ) *
     7) wt > 3.65 0 0 0 ( 0.5 0.5 ) *
 1) root 0 0 -1 ( 0.5 0.5 )  
   2) wt < 3.18 0 0 -1 ( 0.5 0.5 )  
     4) hp < 94 0 0 1 ( 0.5 0.5 ) *
     5) hp > 94 0 0 -1 ( 0.5 0.5 )  
      10) mpg < 21.45 0 0 1 ( 0.5 0.5 ) *
      11) mpg > 21.45 0 0 -1 ( 0.5 0.5 )  
        22) mpg < 26.6 0 0 0 ( 0.5 0.5 ) *
        23) mpg > 26.6 0 0 1 ( 0.5 0.5 ) *
   3) wt > 3.18 0 0 0 ( 0.5 0.5 ) *
 1) root 0 0 -1 ( 0.5 0.5 )  
   2) hp < 254.5 0 0 -1 ( 0.5 0.5 )  
     4) cyl < 7 0 0 -1 ( 0.5 0.5 )  
       8) hp < 57 0 0 1 ( 0.5 0.5 ) *
       9) hp > 57 0 0 -1 ( 0.5 0.5 )  
        18) wt < 3.0125 0 0 1 ( 0.5 0.5 ) *
        19) wt > 3.0125 0 0 0 ( 0.5 0.5 ) *
     5) cyl > 7 0 0 0 ( 0.5 0.5 ) *
   3) hp > 254.5 0 0 1 ( 0.5 0.5 ) *
 1) root 0 0 -1 ( 0.5 0.5 )  
   2) wt < 2.96 0 0 1 ( 0.5 0.5 ) *
   3) wt > 2.96 0 0 -1 ( 0.5 0.5 )  
     6) wt < 3.545 0 0 0 ( 0.5 0.5 ) *
     7) wt > 3.545 0 0 -1 ( 0.5 0.5 )  
      14) wt < 3.65 0 0 -1 ( 0.5 0.5 )  
        28) mpg < 14.65 0 0 0 ( 0.5 0.5 ) *
        29) mpg > 14.65 0 0 1 ( 0.5 0.5 ) *
      15) wt > 3.65 0 0 0 ( 0.5 0.5 ) *
 1) root 0 0 -1 ( 0.5 0.5 )  
   2) wt < 3.18 0 0 -1 ( 0.5 0.5 )  
     4) wt < 2.3025 0 0 1 ( 0.5 0.5 ) *
     5) wt > 2.3025 0 0 -1 ( 0.5 0.5 )  
      10) mpg < 21.25 0 0 1 ( 0.5 0.5 ) *
      11) mpg > 21.25 0 0 0 ( 0.5 0.5 ) *
   3) wt > 3.18 0 0 -1 ( 0.5 0.5 )  
     6) hp < 290 0 0 0 ( 0.5 0.5 ) *
     7) hp > 290 0 0 1 ( 0.5 0.5 ) *
 1) root 0 0 -1 ( 0.5 0.5 )  
   2) wt < 3.1025 0 0 -1 ( 0.5 0.5 )  
     4) hp < 95 0 0 1 ( 0.5 0.5 ) *
     5) hp > 95 0 0 -1 ( 0.5 0.5 )  
      10) wt < 2.5425 0 0 0 ( 0.5 0.5 ) *
      11) wt > 2.5425 0 0 1 ( 0.5 0.5 ) *
   3) wt > 3.1025 0 0 -1 ( 0.5 0.5 )  
     6) mpg < 15.1 0 0 -1 ( 0.5 0.5 )  
      12) mpg < 14.65 0 0 0 ( 0.5 0.5 ) *
      13) mpg > 14.65 0 0 1 ( 0.5 0.5 ) *
     7) mpg > 15.1 0 0 0 ( 0.5 0.5 ) *
 1) root 0 0 -1 ( 0.5 0.5 )  
   2) cyl < 5 0 0 -1 ( 0.5 0.5 )  
     4) wt < 2.3325 0 0 1 ( 0.5 0.5 ) *
     5) wt > 2.3325 0 0 -1 ( 0.5 0.5 )  
      10) hp < 103 0 0 0 ( 0.5 0.5 ) *
      11) hp > 103 0 0 1 ( 0.5 0.5 ) *
   3) cyl > 5 0 0 -1 ( 0.5 0.5 )  
     6) hp < 247 0 0 -1 ( 0.5 0.5 )  
      12) mpg < 19.45 0 0 0 ( 0.5 0.5 ) *
      13) mpg > 19.45 0 0 -1 ( 0.5 0.5 )  
        26) mpg < 20.55 0 0 1 ( 0.5 0.5 ) *
        27) mpg > 20.55 0 0 0 ( 0.5 0.5 ) *
     7) hp > 247 0 0 1 ( 0.5 0.5 ) *
 1) root 0 0 -1 ( 0.5 0.5 )  
   2) wt < 2.3025 0 0 1 ( 0.5 0.5 ) *
   3) wt > 2.3025 0 0 -1 ( 0.5 0.5 )  
     6) wt < 2.98 0 0 -1 ( 0.5 0.5 )  
      12) hp < 136 0 0 0 ( 0.5 0.5 ) *
      13) hp > 136 0 0 1 ( 0.5 0.5 ) *
     7) wt > 2.98 0 0 0 ( 0.5 0.5 ) *
 1) root 0 0 -1 ( 0.5 0.5 )  
   2) mpg < 19.45 0 0 -1 ( 0.5 0.5 )  
     4) hp < 290 0 0 0 ( 0.5 0.5 ) *
     5) hp > 290 0 0 1 ( 0.5 0.5 ) *
   3) mpg > 19.45 0 0 -1 ( 0.5 0.5 )  
     6) hp < 103 0 0 -1 ( 0.5 0.5 )  
      12) wt < 2.3925 0 0 1 ( 0.5 0.5 ) *
      13) wt > 2.3925 0 0 0 ( 0.5 0.5 ) *
     7) hp > 103 0 0 1 ( 0.5 0.5 ) *
